   36.1889   -75.9000     1994   10   12   17    0    0
   36.1889   -75.9000     1994   10   12   17    0   10
   36.1889   -75.9000     1994   10   12   17    0   20
   36.1889   -75.9000     1994   10   12   17    0   30
   36.1889   -75.9000     1994   10   12   17    0   40
   36.1889   -75.9000     1994   10   12   17    0   50
   36.1889   -75.9000     1994   10   12   17    1    0
   36.1889   -75.9000     1994   10   12   17    1   10
   36.1889   -75.9000     1994   10   12   17    1   20
   36.1889   -75.9000     1994   10   12   17    1   30
   36.1889   -75.9000     1994   10   12   17    1   40
   36.1889   -75.9000     1994   10   12   17    1   50
   36.1889   -75.9000     1994   10   12   17    2    0
   36.1889   -75.9000     1994   10   12   17    2   10
   36.1889   -75.9000     1994   10   12   17    2   20
   36.1889   -75.9000     1994   10   12   17    2   30
   36.1889   -75.9000     1994   10   12   17    2   40
   36.1889   -75.9000     1994   10   12   17    2   50
   36.1889   -75.9000     1994   10   12   17    3    0
   36.1889   -75.9000     1994   10   12   17    3   10
   36.1889   -75.9000     1994   10   12   17    3   20
   36.1889   -75.9000     1994   10   12   17    3   30
   36.1889   -75.9000     1994   10   12   17    3   40
   36.1889   -75.9000     1994   10   12   17    3   50
   36.1889   -75.9000     1994   10   12   17    4    0
   36.1889   -75.9000     1994   10   12   17    4   10
   36.1889   -75.9000     1994   10   12   17    4   20
   36.1889   -75.9000     1994   10   12   17    4   30
   36.1889   -75.9000     1994   10   12   17    4   40
   36.1889   -75.9000     1994   10   12   17    4   50
   36.1889   -75.9000     1994   10   12   17    5    0
   36.1889   -75.9000     1994   10   12   17    5   10
   36.1889   -75.9000     1994   10   12   17    5   20
   36.1889   -75.9000     1994   10   12   17    5   30
   36.1889   -75.9000     1994   10   12   17    5   40
   36.1889   -75.9000     1994   10   12   17    5   50
   36.1889   -75.9000     1994   10   12   17    6    0
   36.1889   -75.9000     1994   10   12   17    6   10
   36.1889   -75.9000     1994   10   12   17    6   20
   36.1889   -75.9000     1994   10   12   17    6   30
   36.1889   -75.9000     1994   10   12   17    6   40
   36.1889   -75.9000     1994   10   12   17    6   50
   36.1889   -75.9000     1994   10   12   17    7    0
   36.1889   -75.9000     1994   10   12   17    7   10
   36.1889   -75.9000     1994   10   12   17    7   20
   36.1889   -75.9000     1994   10   12   17    7   30
   36.1889   -75.9000     1994   10   12   17    7   40
   36.1889   -75.9000     1994   10   12   17    7   50
   36.1889   -75.9000     1994   10   12   17    8    0
   36.1889   -75.9000     1994   10   12   17    8   10
   36.1889   -75.9000     1994   10   12   17    8   20
   36.1889   -75.9000     1994   10   12   17    8   30
   36.1889   -75.9000     1994   10   12   17    8   40
   36.1889   -75.9000     1994   10   12   17    8   50
   36.1889   -75.9000     1994   10   12   17    9    0
   36.1889   -75.9000     1994   10   12   17    9   10
   36.1889   -75.9000     1994   10   12   17    9   20
   36.1889   -75.9000     1994   10   12   17    9   30
   36.1889   -75.9000     1994   10   12   17    9   40
   36.1889   -75.9000     1994   10   12   17    9   50
   36.1889   -75.9000     1994   10   12   17   10    0
   36.1889   -75.9000     1994   10   12   17   10   10
   36.1889   -75.9000     1994   10   12   17   10   20
   36.1889   -75.9000     1994   10   12   17   10   30
   36.1889   -75.9000     1994   10   12   17   10   40
   36.1889   -75.9000     1994   10   12   17   10   50
   36.1889   -75.9000     1994   10   12   17   11    0
   36.1889   -75.9000     1994   10   12   17   11   10
   36.1889   -75.9000     1994   10   12   17   11   20
   36.1889   -75.9000     1994   10   12   17   11   30
   36.1889   -75.9000     1994   10   12   17   11   40
   36.1889   -75.9000     1994   10   12   17   11   50
   36.1889   -75.9000     1994   10   12   17   12    0
   36.1889   -75.9000     1994   10   12   17   12   10
   36.1889   -75.9000     1994   10   12   17   12   20
   36.1889   -75.9000     1994   10   12   17   12   30
   36.1889   -75.9000     1994   10   12   17   12   40
   36.1889   -75.9000     1994   10   12   17   12   50
   36.1889   -75.9000     1994   10   12   17   13    0
   36.1889   -75.9000     1994   10   12   17   13   10
   36.1889   -75.9000     1994   10   12   17   13   20
   36.1889   -75.9000     1994   10   12   17   13   30
   36.1889   -75.9000     1994   10   12   17   13   40
   36.1889   -75.9000     1994   10   12   17   13   50
   36.1889   -75.9000     1994   10   12   17   14    0
   36.1889   -75.9000     1994   10   12   17   14   10
   36.1889   -75.9000     1994   10   12   17   14   20
   36.1889   -75.9000     1994   10   12   17   14   30
   36.1889   -75.9000     1994   10   12   17   14   40
   36.1889   -75.9000     1994   10   12   17   14   50
   36.1889   -75.9000     1994   10   12   17   15    0
   36.1889   -75.9000     1994   10   12   17   15   10
   36.1889   -75.9000     1994   10   12   17   15   20
   36.1889   -75.9000     1994   10   12   17   15   30
   36.1889   -75.9000     1994   10   12   17   15   40
   36.1889   -75.9000     1994   10   12   17   15   50
   36.1889   -75.9000     1994   10   12   17   16    0
   36.1889   -75.9000     1994   10   12   17   16   10
   36.1889   -75.9000     1994   10   12   17   16   20
   36.1889   -75.9000     1994   10   12   17   16   30
   36.1889   -75.9000     1994   10   12   17   16   40
   36.1889   -75.9000     1994   10   12   17   16   50
   36.1889   -75.9000     1994   10   12   17   17    0
   36.1889   -75.9000     1994   10   12   17   17   10
   36.1889   -75.9000     1994   10   12   17   17   20
   36.1889   -75.9000     1994   10   12   17   17   30
   36.1889   -75.9000     1994   10   12   17   17   40
   36.1889   -75.9000     1994   10   12   17   17   50
   36.1889   -75.9000     1994   10   12   17   18    0
   36.1889   -75.9000     1994   10   12   17   18   10
   36.1889   -75.9000     1994   10   12   17   18   20
   36.1889   -75.9000     1994   10   12   17   18   30
   36.1889   -75.9000     1994   10   12   17   18   40
   36.1889   -75.9000     1994   10   12   17   18   50
   36.1889   -75.9000     1994   10   12   17   19    0
   36.1889   -75.9000     1994   10   12   17   19   10
   36.1889   -75.9000     1994   10   12   17   19   20
   36.1889   -75.9000     1994   10   12   17   19   30
   36.1889   -75.9000     1994   10   12   17   19   40
   36.1889   -75.9000     1994   10   12   17   19   50
   36.1889   -75.9000     1994   10   12   17   20    0
   36.1889   -75.9000     1994   10   12   17   20   10
   36.1889   -75.9000     1994   10   12   17   20   20
   36.1889   -75.9000     1994   10   12   17   20   30
   36.1889   -75.9000     1994   10   12   17   20   40
   36.1889   -75.9000     1994   10   12   17   20   50
   36.1889   -75.9000     1994   10   12   17   21    0
   36.1889   -75.9000     1994   10   12   17   21   10
   36.1889   -75.9000     1994   10   12   17   21   20
   36.1889   -75.9000     1994   10   12   17   21   30
   36.1889   -75.9000     1994   10   12   17   21   40
   36.1889   -75.9000     1994   10   12   17   21   50
   36.1889   -75.9000     1994   10   12   17   22    0
   36.1889   -75.9000     1994   10   12   17   22   10
   36.1889   -75.9000     1994   10   12   17   22   20
   36.1889   -75.9000     1994   10   12   17   22   30
   36.1889   -75.9000     1994   10   12   17   22   40
   36.1889   -75.9000     1994   10   12   17   22   50
   36.1889   -75.9000     1994   10   12   17   23    0
   36.1889   -75.9000     1994   10   12   17   23   10
   36.1889   -75.9000     1994   10   12   17   23   20
   36.1889   -75.9000     1994   10   12   17   23   30
   36.1889   -75.9000     1994   10   12   17   23   40
   36.1889   -75.9000     1994   10   12   17   23   50
   36.1889   -75.9000     1994   10   12   17   24    0
   36.1889   -75.9000     1994   10   12   17   24   10
   36.1889   -75.9000     1994   10   12   17   24   20
   36.1889   -75.9000     1994   10   12   17   24   30
   36.1889   -75.9000     1994   10   12   17   24   40
   36.1889   -75.9000     1994   10   12   17   24   50
   36.1889   -75.9000     1994   10   12   17   25    0
   36.1889   -75.9000     1994   10   12   17   25   10
   36.1889   -75.9000     1994   10   12   17   25   20
   36.1889   -75.9000     1994   10   12   17   25   30
   36.1889   -75.9000     1994   10   12   17   25   40
   36.1889   -75.9000     1994   10   12   17   25   50
   36.1889   -75.9000     1994   10   12   17   26    0
   36.1889   -75.9000     1994   10   12   17   26   10
   36.1889   -75.9000     1994   10   12   17   26   20
   36.1889   -75.9000     1994   10   12   17   26   30
   36.1889   -75.9000     1994   10   12   17   26   40
   36.1889   -75.9000     1994   10   12   17   26   50
   36.1889   -75.9000     1994   10   12   17   27    0
   36.1889   -75.9000     1994   10   12   17   27   10
   36.1889   -75.9000     1994   10   12   17   27   20
   36.1889   -75.9000     1994   10   12   17   27   30
   36.1889   -75.9000     1994   10   12   17   27   40
   36.1889   -75.9000     1994   10   12   17   27   50
   36.1889   -75.9000     1994   10   12   17   28    0
   36.1889   -75.9000     1994   10   12   17   28   10
   36.1889   -75.9000     1994   10   12   17   28   20
   36.1889   -75.9000     1994   10   12   17   28   30
   36.1889   -75.9000     1994   10   12   17   28   40
   36.1889   -75.9000     1994   10   12   17   28   50
   36.1889   -75.9000     1994   10   12   17   29    0
   36.1889   -75.9000     1994   10   12   17   29   10
   36.1889   -75.9000     1994   10   12   17   29   20
   36.1889   -75.9000     1994   10   12   17   29   30
   36.1889   -75.9000     1994   10   12   17   29   40
   36.1889   -75.9000     1994   10   12   17   29   50
   36.1889   -75.9000     1994   10   12   17   30    0
   36.1889   -75.9000     1994   10   12   17   30   10
   36.1889   -75.9000     1994   10   12   17   30   20
   36.1889   -75.9000     1994   10   12   17   30   30
   36.1889   -75.9000     1994   10   12   17   30   40
   36.1889   -75.9000     1994   10   12   17   30   50
   36.1889   -75.9000     1994   10   12   17   31    0
   36.1889   -75.9000     1994   10   12   17   31   10
   36.1889   -75.9000     1994   10   12   17   31   20
   36.1889   -75.9000     1994   10   12   17   31   30
   36.1889   -75.9000     1994   10   12   17   31   40
   36.1889   -75.9000     1994   10   12   17   31   50
   36.1889   -75.9000     1994   10   12   17   32    0
   36.1889   -75.9000     1994   10   12   17   32   10
   36.1889   -75.9000     1994   10   12   17   32   20
   36.1889   -75.9000     1994   10   12   17   32   30
   36.1889   -75.9000     1994   10   12   17   32   40
   36.1889   -75.9000     1994   10   12   17   32   50
   36.1889   -75.9000     1994   10   12   17   33    0
   36.1889   -75.9000     1994   10   12   17   33   10
   36.1889   -75.9000     1994   10   12   17   33   20
   36.1889   -75.9000     1994   10   12   17   33   30
   36.1889   -75.9000     1994   10   12   17   33   40
   36.1889   -75.9000     1994   10   12   17   33   50
   36.1889   -75.9000     1994   10   12   17   34    0
   36.1889   -75.9000     1994   10   12   17   34   10
   36.1889   -75.9000     1994   10   12   17   34   20
   36.1889   -75.9000     1994   10   12   17   34   30
   36.1889   -75.9000     1994   10   12   17   34   40
   36.1889   -75.9000     1994   10   12   17   34   50
   36.1889   -75.9000     1994   10   12   17   35    0
   36.1889   -75.9000     1994   10   12   17   35   10
   36.1889   -75.9000     1994   10   12   17   35   20
   36.1889   -75.9000     1994   10   12   17   35   30
   36.1889   -75.9000     1994   10   12   17   35   40
   36.1889   -75.9000     1994   10   12   17   35   50
   36.1889   -75.9000     1994   10   12   17   36    0
   36.1889   -75.9000     1994   10   12   17   36   10
   36.1889   -75.9000     1994   10   12   17   36   20
   36.1889   -75.9000     1994   10   12   17   36   30
   36.1889   -75.9000     1994   10   12   17   36   40
   36.1889   -75.9000     1994   10   12   17   36   50
   36.1889   -75.9000     1994   10   12   17   37    0
   36.1889   -75.9000     1994   10   12   17   37   10
   36.1889   -75.9000     1994   10   12   17   37   20
   36.1889   -75.9000     1994   10   12   17   37   30
   36.1889   -75.9000     1994   10   12   17   37   40
   36.1889   -75.9000     1994   10   12   17   37   50
   36.1889   -75.9000     1994   10   12   17   38    0
   36.1889   -75.9000     1994   10   12   17   38   10
   36.1889   -75.9000     1994   10   12   17   38   20
   36.1889   -75.9000     1994   10   12   17   38   30
   36.1889   -75.9000     1994   10   12   17   38   40
   36.1889   -75.9000     1994   10   12   17   38   50
   36.1889   -75.9000     1994   10   12   17   39    0
   36.1889   -75.9000     1994   10   12   17   39   10
   36.1889   -75.9000     1994   10   12   17   39   20
   36.1889   -75.9000     1994   10   12   17   39   30
   36.1889   -75.9000     1994   10   12   17   39   40
   36.1889   -75.9000     1994   10   12   17   39   50
   36.1889   -75.9000     1994   10   12   17   40    0
   36.1889   -75.9000     1994   10   12   17   40   10
   36.1889   -75.9000     1994   10   12   17   40   20
   36.1889   -75.9000     1994   10   12   17   40   30
   36.1889   -75.9000     1994   10   12   17   40   40
   36.1889   -75.9000     1994   10   12   17   40   50
   36.1889   -75.9000     1994   10   12   17   41    0
   36.1889   -75.9000     1994   10   12   17   41   10
   36.1889   -75.9000     1994   10   12   17   41   20
   36.1889   -75.9000     1994   10   12   17   41   30
   36.1889   -75.9000     1994   10   12   17   41   40
   36.1889   -75.9000     1994   10   12   17   41   50
   36.1889   -75.9000     1994   10   12   17   42    0
   36.1889   -75.9000     1994   10   12   17   42   10
   36.1889   -75.9000     1994   10   12   17   42   20
   36.1889   -75.9000     1994   10   12   17   42   30
   36.1889   -75.9000     1994   10   12   17   42   40
   36.1889   -75.9000     1994   10   12   17   42   50
   36.1889   -75.9000     1994   10   12   17   43    0
   36.1889   -75.9000     1994   10   12   17   43   10
   36.1889   -75.9000     1994   10   12   17   43   20
   36.1889   -75.9000     1994   10   12   17   43   30
   36.1889   -75.9000     1994   10   12   17   43   40
   36.1889   -75.9000     1994   10   12   17   43   50
   36.1889   -75.9000     1994   10   12   17   44    0
   36.1889   -75.9000     1994   10   12   17   44   10
   36.1889   -75.9000     1994   10   12   17   44   20
   36.1889   -75.9000     1994   10   12   17   44   30
   36.1889   -75.9000     1994   10   12   17   44   40
   36.1889   -75.9000     1994   10   12   17   44   50
   36.1889   -75.9000     1994   10   12   17   45    0
   36.1889   -75.9000     1994   10   12   17   45   10
   36.1889   -75.9000     1994   10   12   17   45   20
   36.1889   -75.9000     1994   10   12   17   45   30
   36.1889   -75.9000     1994   10   12   17   45   40
   36.1889   -75.9000     1994   10   12   17   45   50
   36.1889   -75.9000     1994   10   12   17   46    0
   36.1889   -75.9000     1994   10   12   17   46   10
   36.1889   -75.9000     1994   10   12   17   46   20
   36.1889   -75.9000     1994   10   12   17   46   30
   36.1889   -75.9000     1994   10   12   17   46   40
   36.1889   -75.9000     1994   10   12   17   46   50
   36.1889   -75.9000     1994   10   12   17   47    0
   36.1889   -75.9000     1994   10   12   17   47   10
   36.1889   -75.9000     1994   10   12   17   47   20
   36.1889   -75.9000     1994   10   12   17   47   30
   36.1889   -75.9000     1994   10   12   17   47   40
   36.1889   -75.9000     1994   10   12   17   47   50
   36.1889   -75.9000     1994   10   12   17   48    0
   36.1889   -75.9000     1994   10   12   17   48   10
   36.1889   -75.9000     1994   10   12   17   48   20
   36.1889   -75.9000     1994   10   12   17   48   30
   36.1889   -75.9000     1994   10   12   17   48   40
   36.1889   -75.9000     1994   10   12   17   48   50
   36.1889   -75.9000     1994   10   12   17   49    0
   36.1889   -75.9000     1994   10   12   17   49   10
   36.1889   -75.9000     1994   10   12   17   49   20
   36.1889   -75.9000     1994   10   12   17   49   30
   36.1889   -75.9000     1994   10   12   17   49   40
   36.1889   -75.9000     1994   10   12   17   49   50
   36.1889   -75.9000     1994   10   12   17   50    0
   36.1889   -75.9000     1994   10   12   17   50   10
   36.1889   -75.9000     1994   10   12   17   50   20
   36.1889   -75.9000     1994   10   12   17   50   30
   36.1889   -75.9000     1994   10   12   17   50   40
   36.1889   -75.9000     1994   10   12   17   50   50
   36.1889   -75.9000     1994   10   12   17   51    0
   36.1889   -75.9000     1994   10   12   17   51   10
   36.1889   -75.9000     1994   10   12   17   51   20
   36.1889   -75.9000     1994   10   12   17   51   30
   36.1889   -75.9000     1994   10   12   17   51   40
   36.1889   -75.9000     1994   10   12   17   51   50
   36.1889   -75.9000     1994   10   12   17   52    0
   36.1889   -75.9000     1994   10   12   17   52   10
   36.1889   -75.9000     1994   10   12   17   52   20
   36.1889   -75.9000     1994   10   12   17   52   30
   36.1889   -75.9000     1994   10   12   17   52   40
   36.1889   -75.9000     1994   10   12   17   52   50
   36.1889   -75.9000     1994   10   12   17   53    0
   36.1889   -75.9000     1994   10   12   17   53   10
   36.1889   -75.9000     1994   10   12   17   53   20
   36.1889   -75.9000     1994   10   12   17   53   30
   36.1889   -75.9000     1994   10   12   17   53   40
   36.1889   -75.9000     1994   10   12   17   53   50
   36.1889   -75.9000     1994   10   12   17   54    0
   36.1889   -75.9000     1994   10   12   17   54   10
   36.1889   -75.9000     1994   10   12   17   54   20
   36.1889   -75.9000     1994   10   12   17   54   30
   36.1889   -75.9000     1994   10   12   17   54   40
   36.1889   -75.9000     1994   10   12   17   54   50
   36.1889   -75.9000     1994   10   12   17   55    0
   36.1889   -75.9000     1994   10   12   17   55   10
   36.1889   -75.9000     1994   10   12   17   55   20
   36.1889   -75.9000     1994   10   12   17   55   30
   36.1889   -75.9000     1994   10   12   17   55   40
   36.1889   -75.9000     1994   10   12   17   55   50
   36.1889   -75.9000     1994   10   12   17   56    0
   36.1889   -75.9000     1994   10   12   17   56   10
   36.1889   -75.9000     1994   10   12   17   56   20
   36.1889   -75.9000     1994   10   12   17   56   30
   36.1889   -75.9000     1994   10   12   17   56   40
   36.1889   -75.9000     1994   10   12   17   56   50
   36.1889   -75.9000     1994   10   12   17   57    0
   36.1889   -75.9000     1994   10   12   17   57   10
   36.1889   -75.9000     1994   10   12   17   57   20
   36.1889   -75.9000     1994   10   12   17   57   30
   36.1889   -75.9000     1994   10   12   17   57   40
   36.1889   -75.9000     1994   10   12   17   57   50
   36.1889   -75.9000     1994   10   12   17   58    0
   36.1889   -75.9000     1994   10   12   17   58   10
   36.1889   -75.9000     1994   10   12   17   58   20
   36.1889   -75.9000     1994   10   12   17   58   30
   36.1889   -75.9000     1994   10   12   17   58   40
   36.1889   -75.9000     1994   10   12   17   58   50
   36.1889   -75.9000     1994   10   12   17   59    0
   36.1889   -75.9000     1994   10   12   17   59   10
   36.1889   -75.9000     1994   10   12   17   59   20
   36.1889   -75.9000     1994   10   12   17   59   30
   36.1889   -75.9000     1994   10   12   17   59   40
   36.1889   -75.9000     1994   10   12   17   59   50
   36.1889   -75.9000     1994   10   12   18    0    0
   36.1889   -75.9000     1994   10   12   18    0   10
   36.1889   -75.9000     1994   10   12   18    0   20
   36.1889   -75.9000     1994   10   12   18    0   30
   36.1889   -75.9000     1994   10   12   18    0   40
   36.1889   -75.9000     1994   10   12   18    0   50
   36.1889   -75.9000     1994   10   12   18    1    0
   36.1889   -75.9000     1994   10   12   18    1   10
   36.1889   -75.9000     1994   10   12   18    1   20
   36.1889   -75.9000     1994   10   12   18    1   30
   36.1889   -75.9000     1994   10   12   18    1   40
   36.1889   -75.9000     1994   10   12   18    1   50
   36.1889   -75.9000     1994   10   12   18    2    0
   36.1889   -75.9000     1994   10   12   18    2   10
   36.1889   -75.9000     1994   10   12   18    2   20
   36.1889   -75.9000     1994   10   12   18    2   30
   36.1889   -75.9000     1994   10   12   18    2   40
   36.1889   -75.9000     1994   10   12   18    2   50
   36.1889   -75.9000     1994   10   12   18    3    0
   36.1889   -75.9000     1994   10   12   18    3   10
   36.1889   -75.9000     1994   10   12   18    3   20
   36.1889   -75.9000     1994   10   12   18    3   30
   36.1889   -75.9000     1994   10   12   18    3   40
   36.1889   -75.9000     1994   10   12   18    3   50
   36.1889   -75.9000     1994   10   12   18    4    0
   36.1889   -75.9000     1994   10   12   18    4   10
   36.1889   -75.9000     1994   10   12   18    4   20
   36.1889   -75.9000     1994   10   12   18    4   30
   36.1889   -75.9000     1994   10   12   18    4   40
   36.1889   -75.9000     1994   10   12   18    4   50
   36.1889   -75.9000     1994   10   12   18    5    0
   36.1889   -75.9000     1994   10   12   18    5   10
   36.1889   -75.9000     1994   10   12   18    5   20
   36.1889   -75.9000     1994   10   12   18    5   30
   36.1889   -75.9000     1994   10   12   18    5   40
   36.1889   -75.9000     1994   10   12   18    5   50
   36.1889   -75.9000     1994   10   12   18    6    0
   36.1889   -75.9000     1994   10   12   18    6   10
   36.1889   -75.9000     1994   10   12   18    6   20
   36.1889   -75.9000     1994   10   12   18    6   30
   36.1889   -75.9000     1994   10   12   18    6   40
   36.1889   -75.9000     1994   10   12   18    6   50
   36.1889   -75.9000     1994   10   12   18    7    0
   36.1889   -75.9000     1994   10   12   18    7   10
   36.1889   -75.9000     1994   10   12   18    7   20
   36.1889   -75.9000     1994   10   12   18    7   30
   36.1889   -75.9000     1994   10   12   18    7   40
   36.1889   -75.9000     1994   10   12   18    7   50
   36.1889   -75.9000     1994   10   12   18    8    0
   36.1889   -75.9000     1994   10   12   18    8   10
   36.1889   -75.9000     1994   10   12   18    8   20
   36.1889   -75.9000     1994   10   12   18    8   30
   36.1889   -75.9000     1994   10   12   18    8   40
   36.1889   -75.9000     1994   10   12   18    8   50
   36.1889   -75.9000     1994   10   12   18    9    0
   36.1889   -75.9000     1994   10   12   18    9   10
   36.1889   -75.9000     1994   10   12   18    9   20
   36.1889   -75.9000     1994   10   12   18    9   30
   36.1889   -75.9000     1994   10   12   18    9   40
   36.1889   -75.9000     1994   10   12   18    9   50
   36.1889   -75.9000     1994   10   12   18   10    0
   36.1889   -75.9000     1994   10   12   18   10   10
   36.1889   -75.9000     1994   10   12   18   10   20
   36.1889   -75.9000     1994   10   12   18   10   30
   36.1889   -75.9000     1994   10   12   18   10   40
   36.1889   -75.9000     1994   10   12   18   10   50
   36.1889   -75.9000     1994   10   12   18   11    0
   36.1889   -75.9000     1994   10   12   18   11   10
   36.1889   -75.9000     1994   10   12   18   11   20
   36.1889   -75.9000     1994   10   12   18   11   30
   36.1889   -75.9000     1994   10   12   18   11   40
   36.1889   -75.9000     1994   10   12   18   11   50
   36.1889   -75.9000     1994   10   12   18   12    0
   36.1889   -75.9000     1994   10   12   18   12   10
   36.1889   -75.9000     1994   10   12   18   12   20
   36.1889   -75.9000     1994   10   12   18   12   30
   36.1889   -75.9000     1994   10   12   18   12   40
   36.1889   -75.9000     1994   10   12   18   12   50
   36.1889   -75.9000     1994   10   12   18   13    0
   36.1889   -75.9000     1994   10   12   18   13   10
   36.1889   -75.9000     1994   10   12   18   13   20
   36.1889   -75.9000     1994   10   12   18   13   30
   36.1889   -75.9000     1994   10   12   18   13   40
   36.1889   -75.9000     1994   10   12   18   13   50
   36.1889   -75.9000     1994   10   12   18   14    0
   36.1889   -75.9000     1994   10   12   18   14   10
   36.1889   -75.9000     1994   10   12   18   14   20
   36.1889   -75.9000     1994   10   12   18   14   30
   36.1889   -75.9000     1994   10   12   18   14   40
   36.1889   -75.9000     1994   10   12   18   14   50
   36.1889   -75.9000     1994   10   12   18   15    0
   36.1889   -75.9000     1994   10   12   18   15   10
   36.1889   -75.9000     1994   10   12   18   15   20
   36.1889   -75.9000     1994   10   12   18   15   30
   36.1889   -75.9000     1994   10   12   18   15   40
   36.1889   -75.9000     1994   10   12   18   15   50
   36.1889   -75.9000     1994   10   12   18   16    0
   36.1889   -75.9000     1994   10   12   18   16   10
   36.1889   -75.9000     1994   10   12   18   16   20
   36.1889   -75.9000     1994   10   12   18   16   30
   36.1889   -75.9000     1994   10   12   18   16   40
   36.1889   -75.9000     1994   10   12   18   16   50
   36.1889   -75.9000     1994   10   12   18   17    0
   36.1889   -75.9000     1994   10   12   18   17   10
   36.1889   -75.9000     1994   10   12   18   17   20
   36.1889   -75.9000     1994   10   12   18   17   30
   36.1889   -75.9000     1994   10   12   18   17   40
   36.1889   -75.9000     1994   10   12   18   17   50
   36.1889   -75.9000     1994   10   12   18   18    0
   36.1889   -75.9000     1994   10   12   18   18   10
   36.1889   -75.9000     1994   10   12   18   18   20
   36.1889   -75.9000     1994   10   12   18   18   30
   36.1889   -75.9000     1994   10   12   18   18   40
   36.1889   -75.9000     1994   10   12   18   18   50
   36.1889   -75.9000     1994   10   12   18   19    0
   36.1889   -75.9000     1994   10   12   18   19   10
   36.1889   -75.9000     1994   10   12   18   19   20
   36.1889   -75.9000     1994   10   12   18   19   30
   36.1889   -75.9000     1994   10   12   18   19   40
   36.1889   -75.9000     1994   10   12   18   19   50
   36.1889   -75.9000     1994   10   12   18   20    0
   36.1889   -75.9000     1994   10   12   18   20   10
   36.1889   -75.9000     1994   10   12   18   20   20
   36.1889   -75.9000     1994   10   12   18   20   30
   36.1889   -75.9000     1994   10   12   18   20   40
   36.1889   -75.9000     1994   10   12   18   20   50
   36.1889   -75.9000     1994   10   12   18   21    0
   36.1889   -75.9000     1994   10   12   18   21   10
   36.1889   -75.9000     1994   10   12   18   21   20
   36.1889   -75.9000     1994   10   12   18   21   30
   36.1889   -75.9000     1994   10   12   18   21   40
   36.1889   -75.9000     1994   10   12   18   21   50
   36.1889   -75.9000     1994   10   12   18   22    0
   36.1889   -75.9000     1994   10   12   18   22   10
   36.1889   -75.9000     1994   10   12   18   22   20
   36.1889   -75.9000     1994   10   12   18   22   30
   36.1889   -75.9000     1994   10   12   18   22   40
   36.1889   -75.9000     1994   10   12   18   22   50
   36.1889   -75.9000     1994   10   12   18   23    0
   36.1889   -75.9000     1994   10   12   18   23   10
   36.1889   -75.9000     1994   10   12   18   23   20
   36.1889   -75.9000     1994   10   12   18   23   30
   36.1889   -75.9000     1994   10   12   18   23   40
   36.1889   -75.9000     1994   10   12   18   23   50
   36.1889   -75.9000     1994   10   12   18   24    0
   36.1889   -75.9000     1994   10   12   18   24   10
   36.1889   -75.9000     1994   10   12   18   24   20
   36.1889   -75.9000     1994   10   12   18   24   30
   36.1889   -75.9000     1994   10   12   18   24   40
   36.1889   -75.9000     1994   10   12   18   24   50
   36.1889   -75.9000     1994   10   12   18   25    0
   36.1889   -75.9000     1994   10   12   18   25   10
   36.1889   -75.9000     1994   10   12   18   25   20
   36.1889   -75.9000     1994   10   12   18   25   30
   36.1889   -75.9000     1994   10   12   18   25   40
   36.1889   -75.9000     1994   10   12   18   25   50
   36.1889   -75.9000     1994   10   12   18   26    0
   36.1889   -75.9000     1994   10   12   18   26   10
   36.1889   -75.9000     1994   10   12   18   26   20
   36.1889   -75.9000     1994   10   12   18   26   30
   36.1889   -75.9000     1994   10   12   18   26   40
   36.1889   -75.9000     1994   10   12   18   26   50
   36.1889   -75.9000     1994   10   12   18   27    0
   36.1889   -75.9000     1994   10   12   18   27   10
   36.1889   -75.9000     1994   10   12   18   27   20
   36.1889   -75.9000     1994   10   12   18   27   30
   36.1889   -75.9000     1994   10   12   18   27   40
   36.1889   -75.9000     1994   10   12   18   27   50
   36.1889   -75.9000     1994   10   12   18   28    0
   36.1889   -75.9000     1994   10   12   18   28   10
   36.1889   -75.9000     1994   10   12   18   28   20
   36.1889   -75.9000     1994   10   12   18   28   30
   36.1889   -75.9000     1994   10   12   18   28   40
   36.1889   -75.9000     1994   10   12   18   28   50
   36.1889   -75.9000     1994   10   12   18   29    0
   36.1889   -75.9000     1994   10   12   18   29   10
   36.1889   -75.9000     1994   10   12   18   29   20
   36.1889   -75.9000     1994   10   12   18   29   30
   36.1889   -75.9000     1994   10   12   18   29   40
   36.1889   -75.9000     1994   10   12   18   29   50
   36.1889   -75.9000     1994   10   12   18   30    0
   36.1889   -75.9000     1994   10   12   18   30   10
   36.1889   -75.9000     1994   10   12   18   30   20
   36.1889   -75.9000     1994   10   12   18   30   30
   36.1889   -75.9000     1994   10   12   18   30   40
   36.1889   -75.9000     1994   10   12   18   30   50
   36.1889   -75.9000     1994   10   12   18   31    0
   36.1889   -75.9000     1994   10   12   18   31   10
   36.1889   -75.9000     1994   10   12   18   31   20
   36.1889   -75.9000     1994   10   12   18   31   30
   36.1889   -75.9000     1994   10   12   18   31   40
   36.1889   -75.9000     1994   10   12   18   31   50
   36.1889   -75.9000     1994   10   12   18   32    0
   36.1889   -75.9000     1994   10   12   18   32   10
   36.1889   -75.9000     1994   10   12   18   32   20
   36.1889   -75.9000     1994   10   12   18   32   30
   36.1889   -75.9000     1994   10   12   18   32   40
   36.1889   -75.9000     1994   10   12   18   32   50
   36.1889   -75.9000     1994   10   12   18   33    0
   36.1889   -75.9000     1994   10   12   18   33   10
   36.1889   -75.9000     1994   10   12   18   33   20
   36.1889   -75.9000     1994   10   12   18   33   30
   36.1889   -75.9000     1994   10   12   18   33   40
   36.1889   -75.9000     1994   10   12   18   33   50
   36.1889   -75.9000     1994   10   12   18   34    0
   36.1889   -75.9000     1994   10   12   18   34   10
   36.1889   -75.9000     1994   10   12   18   34   20
   36.1889   -75.9000     1994   10   12   18   34   30
   36.1889   -75.9000     1994   10   12   18   34   40
   36.1889   -75.9000     1994   10   12   18   34   50
   36.1889   -75.9000     1994   10   12   18   35    0
   36.1889   -75.9000     1994   10   12   18   35   10
   36.1889   -75.9000     1994   10   12   18   35   20
   36.1889   -75.9000     1994   10   12   18   35   30
   36.1889   -75.9000     1994   10   12   18   35   40
   36.1889   -75.9000     1994   10   12   18   35   50
   36.1889   -75.9000     1994   10   12   18   36    0
   36.1889   -75.9000     1994   10   12   18   36   10
   36.1889   -75.9000     1994   10   12   18   36   20
   36.1889   -75.9000     1994   10   12   18   36   30
   36.1889   -75.9000     1994   10   12   18   36   40
   36.1889   -75.9000     1994   10   12   18   36   50
   36.1889   -75.9000     1994   10   12   18   37    0
   36.1889   -75.9000     1994   10   12   18   37   10
   36.1889   -75.9000     1994   10   12   18   37   20
   36.1889   -75.9000     1994   10   12   18   37   30
   36.1889   -75.9000     1994   10   12   18   37   40
   36.1889   -75.9000     1994   10   12   18   37   50
   36.1889   -75.9000     1994   10   12   18   38    0
   36.1889   -75.9000     1994   10   12   18   38   10
   36.1889   -75.9000     1994   10   12   18   38   20
   36.1889   -75.9000     1994   10   12   18   38   30
   36.1889   -75.9000     1994   10   12   18   38   40
   36.1889   -75.9000     1994   10   12   18   38   50
   36.1889   -75.9000     1994   10   12   18   39    0
   36.1889   -75.9000     1994   10   12   18   39   10
   36.1889   -75.9000     1994   10   12   18   39   20
   36.1889   -75.9000     1994   10   12   18   39   30
   36.1889   -75.9000     1994   10   12   18   39   40
   36.1889   -75.9000     1994   10   12   18   39   50
   36.1889   -75.9000     1994   10   12   18   40    0
   36.1889   -75.9000     1994   10   12   18   40   10
   36.1889   -75.9000     1994   10   12   18   40   20
   36.1889   -75.9000     1994   10   12   18   40   30
   36.1889   -75.9000     1994   10   12   18   40   40
   36.1889   -75.9000     1994   10   12   18   40   50
   36.1889   -75.9000     1994   10   12   18   41    0
   36.1889   -75.9000     1994   10   12   18   41   10
   36.1889   -75.9000     1994   10   12   18   41   20
   36.1889   -75.9000     1994   10   12   18   41   30
   36.1889   -75.9000     1994   10   12   18   41   40
   36.1889   -75.9000     1994   10   12   18   41   50
   36.1889   -75.9000     1994   10   12   18   42    0
   36.1889   -75.9000     1994   10   12   18   42   10
   36.1889   -75.9000     1994   10   12   18   42   20
   36.1889   -75.9000     1994   10   12   18   42   30
   36.1889   -75.9000     1994   10   12   18   42   40
   36.1889   -75.9000     1994   10   12   18   42   50
   36.1889   -75.9000     1994   10   12   18   43    0
   36.1889   -75.9000     1994   10   12   18   43   10
   36.1889   -75.9000     1994   10   12   18   43   20
   36.1889   -75.9000     1994   10   12   18   43   30
   36.1889   -75.9000     1994   10   12   18   43   40
   36.1889   -75.9000     1994   10   12   18   43   50
   36.1889   -75.9000     1994   10   12   18   44    0
   36.1889   -75.9000     1994   10   12   18   44   10
   36.1889   -75.9000     1994   10   12   18   44   20
   36.1889   -75.9000     1994   10   12   18   44   30
   36.1889   -75.9000     1994   10   12   18   44   40
   36.1889   -75.9000     1994   10   12   18   44   50
   36.1889   -75.9000     1994   10   12   18   45    0
   36.1889   -75.9000     1994   10   12   18   45   10
   36.1889   -75.9000     1994   10   12   18   45   20
   36.1889   -75.9000     1994   10   12   18   45   30
   36.1889   -75.9000     1994   10   12   18   45   40
   36.1889   -75.9000     1994   10   12   18   45   50
   36.1889   -75.9000     1994   10   12   18   46    0
   36.1889   -75.9000     1994   10   12   18   46   10
   36.1889   -75.9000     1994   10   12   18   46   20
   36.1889   -75.9000     1994   10   12   18   46   30
   36.1889   -75.9000     1994   10   12   18   46   40
   36.1889   -75.9000     1994   10   12   18   46   50
   36.1889   -75.9000     1994   10   12   18   47    0
   36.1889   -75.9000     1994   10   12   18   47   10
   36.1889   -75.9000     1994   10   12   18   47   20
   36.1889   -75.9000     1994   10   12   18   47   30
   36.1889   -75.9000     1994   10   12   18   47   40
   36.1889   -75.9000     1994   10   12   18   47   50
   36.1889   -75.9000     1994   10   12   18   48    0
   36.1889   -75.9000     1994   10   12   18   48   10
   36.1889   -75.9000     1994   10   12   18   48   20
   36.1889   -75.9000     1994   10   12   18   48   30
   36.1889   -75.9000     1994   10   12   18   48   40
   36.1889   -75.9000     1994   10   12   18   48   50
   36.1889   -75.9000     1994   10   12   18   49    0
   36.1889   -75.9000     1994   10   12   18   49   10
   36.1889   -75.9000     1994   10   12   18   49   20
   36.1889   -75.9000     1994   10   12   18   49   30
   36.1889   -75.9000     1994   10   12   18   49   40
   36.1889   -75.9000     1994   10   12   18   49   50
   36.1889   -75.9000     1994   10   12   18   50    0
   36.1889   -75.9000     1994   10   12   18   50   10
   36.1889   -75.9000     1994   10   12   18   50   20
   36.1889   -75.9000     1994   10   12   18   50   30
   36.1889   -75.9000     1994   10   12   18   50   40
   36.1889   -75.9000     1994   10   12   18   50   50
   36.1889   -75.9000     1994   10   12   18   51    0
   36.1889   -75.9000     1994   10   12   18   51   10
   36.1889   -75.9000     1994   10   12   18   51   20
   36.1889   -75.9000     1994   10   12   18   51   30
   36.1889   -75.9000     1994   10   12   18   51   40
   36.1889   -75.9000     1994   10   12   18   51   50
   36.1889   -75.9000     1994   10   12   18   52    0
   36.1889   -75.9000     1994   10   12   18   52   10
   36.1889   -75.9000     1994   10   12   18   52   20
   36.1889   -75.9000     1994   10   12   18   52   30
   36.1889   -75.9000     1994   10   12   18   52   40
   36.1889   -75.9000     1994   10   12   18   52   50
   36.1889   -75.9000     1994   10   12   18   53    0
   36.1889   -75.9000     1994   10   12   18   53   10
   36.1889   -75.9000     1994   10   12   18   53   20
   36.1889   -75.9000     1994   10   12   18   53   30
   36.1889   -75.9000     1994   10   12   18   53   40
   36.1889   -75.9000     1994   10   12   18   53   50
   36.1889   -75.9000     1994   10   12   18   54    0
   36.1889   -75.9000     1994   10   12   18   54   10
   36.1889   -75.9000     1994   10   12   18   54   20
   36.1889   -75.9000     1994   10   12   18   54   30
   36.1889   -75.9000     1994   10   12   18   54   40
   36.1889   -75.9000     1994   10   12   18   54   50
   36.1889   -75.9000     1994   10   12   18   55    0
   36.1889   -75.9000     1994   10   12   18   55   10
   36.1889   -75.9000     1994   10   12   18   55   20
   36.1889   -75.9000     1994   10   12   18   55   30
   36.1889   -75.9000     1994   10   12   18   55   40
   36.1889   -75.9000     1994   10   12   18   55   50
   36.1889   -75.9000     1994   10   12   18   56    0
   36.1889   -75.9000     1994   10   12   18   56   10
   36.1889   -75.9000     1994   10   12   18   56   20
   36.1889   -75.9000     1994   10   12   18   56   30
   36.1889   -75.9000     1994   10   12   18   56   40
   36.1889   -75.9000     1994   10   12   18   56   50
   36.1889   -75.9000     1994   10   12   18   57    0
   36.1889   -75.9000     1994   10   12   18   57   10
   36.1889   -75.9000     1994   10   12   18   57   20
   36.1889   -75.9000     1994   10   12   18   57   30
   36.1889   -75.9000     1994   10   12   18   57   40
   36.1889   -75.9000     1994   10   12   18   57   50
   36.1889   -75.9000     1994   10   12   18   58    0
   36.1889   -75.9000     1994   10   12   18   58   10
   36.1889   -75.9000     1994   10   12   18   58   20
   36.1889   -75.9000     1994   10   12   18   58   30
   36.1889   -75.9000     1994   10   12   18   58   40
   36.1889   -75.9000     1994   10   12   18   58   50
   36.1889   -75.9000     1994   10   12   18   59    0
   36.1889   -75.9000     1994   10   12   18   59   10
   36.1889   -75.9000     1994   10   12   18   59   20
   36.1889   -75.9000     1994   10   12   18   59   30
   36.1889   -75.9000     1994   10   12   18   59   40
   36.1889   -75.9000     1994   10   12   18   59   50
   36.1889   -75.9000     1994   10   12   19    0    0
   36.1889   -75.9000     1994   10   12   19    0   10
   36.1889   -75.9000     1994   10   12   19    0   20
   36.1889   -75.9000     1994   10   12   19    0   30
   36.1889   -75.9000     1994   10   12   19    0   40
   36.1889   -75.9000     1994   10   12   19    0   50
   36.1889   -75.9000     1994   10   12   19    1    0
   36.1889   -75.9000     1994   10   12   19    1   10
   36.1889   -75.9000     1994   10   12   19    1   20
   36.1889   -75.9000     1994   10   12   19    1   30
   36.1889   -75.9000     1994   10   12   19    1   40
   36.1889   -75.9000     1994   10   12   19    1   50
   36.1889   -75.9000     1994   10   12   19    2    0
   36.1889   -75.9000     1994   10   12   19    2   10
   36.1889   -75.9000     1994   10   12   19    2   20
   36.1889   -75.9000     1994   10   12   19    2   30
   36.1889   -75.9000     1994   10   12   19    2   40
   36.1889   -75.9000     1994   10   12   19    2   50
   36.1889   -75.9000     1994   10   12   19    3    0
   36.1889   -75.9000     1994   10   12   19    3   10
   36.1889   -75.9000     1994   10   12   19    3   20
   36.1889   -75.9000     1994   10   12   19    3   30
   36.1889   -75.9000     1994   10   12   19    3   40
   36.1889   -75.9000     1994   10   12   19    3   50
   36.1889   -75.9000     1994   10   12   19    4    0
   36.1889   -75.9000     1994   10   12   19    4   10
   36.1889   -75.9000     1994   10   12   19    4   20
   36.1889   -75.9000     1994   10   12   19    4   30
   36.1889   -75.9000     1994   10   12   19    4   40
   36.1889   -75.9000     1994   10   12   19    4   50
   36.1889   -75.9000     1994   10   12   19    5    0
   36.1889   -75.9000     1994   10   12   19    5   10
   36.1889   -75.9000     1994   10   12   19    5   20
   36.1889   -75.9000     1994   10   12   19    5   30
   36.1889   -75.9000     1994   10   12   19    5   40
   36.1889   -75.9000     1994   10   12   19    5   50
   36.1889   -75.9000     1994   10   12   19    6    0
   36.1889   -75.9000     1994   10   12   19    6   10
   36.1889   -75.9000     1994   10   12   19    6   20
   36.1889   -75.9000     1994   10   12   19    6   30
   36.1889   -75.9000     1994   10   12   19    6   40
   36.1889   -75.9000     1994   10   12   19    6   50
   36.1889   -75.9000     1994   10   12   19    7    0
   36.1889   -75.9000     1994   10   12   19    7   10
   36.1889   -75.9000     1994   10   12   19    7   20
   36.1889   -75.9000     1994   10   12   19    7   30
   36.1889   -75.9000     1994   10   12   19    7   40
   36.1889   -75.9000     1994   10   12   19    7   50
   36.1889   -75.9000     1994   10   12   19    8    0
   36.1889   -75.9000     1994   10   12   19    8   10
   36.1889   -75.9000     1994   10   12   19    8   20
   36.1889   -75.9000     1994   10   12   19    8   30
   36.1889   -75.9000     1994   10   12   19    8   40
   36.1889   -75.9000     1994   10   12   19    8   50
   36.1889   -75.9000     1994   10   12   19    9    0
   36.1889   -75.9000     1994   10   12   19    9   10
   36.1889   -75.9000     1994   10   12   19    9   20
   36.1889   -75.9000     1994   10   12   19    9   30
   36.1889   -75.9000     1994   10   12   19    9   40
   36.1889   -75.9000     1994   10   12   19    9   50
   36.1889   -75.9000     1994   10   12   19   10    0
   36.1889   -75.9000     1994   10   12   19   10   10
   36.1889   -75.9000     1994   10   12   19   10   20
   36.1889   -75.9000     1994   10   12   19   10   30
   36.1889   -75.9000     1994   10   12   19   10   40
   36.1889   -75.9000     1994   10   12   19   10   50
   36.1889   -75.9000     1994   10   12   19   11    0
   36.1889   -75.9000     1994   10   12   19   11   10
   36.1889   -75.9000     1994   10   12   19   11   20
   36.1889   -75.9000     1994   10   12   19   11   30
   36.1889   -75.9000     1994   10   12   19   11   40
   36.1889   -75.9000     1994   10   12   19   11   50
   36.1889   -75.9000     1994   10   12   19   12    0
   36.1889   -75.9000     1994   10   12   19   12   10
   36.1889   -75.9000     1994   10   12   19   12   20
   36.1889   -75.9000     1994   10   12   19   12   30
   36.1889   -75.9000     1994   10   12   19   12   40
   36.1889   -75.9000     1994   10   12   19   12   50
   36.1889   -75.9000     1994   10   12   19   13    0
   36.1889   -75.9000     1994   10   12   19   13   10
   36.1889   -75.9000     1994   10   12   19   13   20
   36.1889   -75.9000     1994   10   12   19   13   30
   36.1889   -75.9000     1994   10   12   19   13   40
   36.1889   -75.9000     1994   10   12   19   13   50
   36.1889   -75.9000     1994   10   12   19   14    0
   36.1889   -75.9000     1994   10   12   19   14   10
   36.1889   -75.9000     1994   10   12   19   14   20
   36.1889   -75.9000     1994   10   12   19   14   30
   36.1889   -75.9000     1994   10   12   19   14   40
   36.1889   -75.9000     1994   10   12   19   14   50
   36.1889   -75.9000     1994   10   12   19   15    0
   36.1889   -75.9000     1994   10   12   19   15   10
   36.1889   -75.9000     1994   10   12   19   15   20
   36.1889   -75.9000     1994   10   12   19   15   30
   36.1889   -75.9000     1994   10   12   19   15   40
   36.1889   -75.9000     1994   10   12   19   15   50
   36.1889   -75.9000     1994   10   12   19   16    0
   36.1889   -75.9000     1994   10   12   19   16   10
   36.1889   -75.9000     1994   10   12   19   16   20
   36.1889   -75.9000     1994   10   12   19   16   30
   36.1889   -75.9000     1994   10   12   19   16   40
   36.1889   -75.9000     1994   10   12   19   16   50
   36.1889   -75.9000     1994   10   12   19   17    0
   36.1889   -75.9000     1994   10   12   19   17   10
   36.1889   -75.9000     1994   10   12   19   17   20
   36.1889   -75.9000     1994   10   12   19   17   30
   36.1889   -75.9000     1994   10   12   19   17   40
   36.1889   -75.9000     1994   10   12   19   17   50
   36.1889   -75.9000     1994   10   12   19   18    0
   36.1889   -75.9000     1994   10   12   19   18   10
   36.1889   -75.9000     1994   10   12   19   18   20
   36.1889   -75.9000     1994   10   12   19   18   30
   36.1889   -75.9000     1994   10   12   19   18   40
   36.1889   -75.9000     1994   10   12   19   18   50
   36.1889   -75.9000     1994   10   12   19   19    0
   36.1889   -75.9000     1994   10   12   19   19   10
   36.1889   -75.9000     1994   10   12   19   19   20
   36.1889   -75.9000     1994   10   12   19   19   30
   36.1889   -75.9000     1994   10   12   19   19   40
   36.1889   -75.9000     1994   10   12   19   19   50
   36.1889   -75.9000     1994   10   12   19   20    0
   36.1889   -75.9000     1994   10   12   19   20   10
   36.1889   -75.9000     1994   10   12   19   20   20
   36.1889   -75.9000     1994   10   12   19   20   30
   36.1889   -75.9000     1994   10   12   19   20   40
   36.1889   -75.9000     1994   10   12   19   20   50
   36.1889   -75.9000     1994   10   12   19   21    0
   36.1889   -75.9000     1994   10   12   19   21   10
   36.1889   -75.9000     1994   10   12   19   21   20
   36.1889   -75.9000     1994   10   12   19   21   30
   36.1889   -75.9000     1994   10   12   19   21   40
   36.1889   -75.9000     1994   10   12   19   21   50
   36.1889   -75.9000     1994   10   12   19   22    0
   36.1889   -75.9000     1994   10   12   19   22   10
   36.1889   -75.9000     1994   10   12   19   22   20
   36.1889   -75.9000     1994   10   12   19   22   30
   36.1889   -75.9000     1994   10   12   19   22   40
   36.1889   -75.9000     1994   10   12   19   22   50
   36.1889   -75.9000     1994   10   12   19   23    0
   36.1889   -75.9000     1994   10   12   19   23   10
   36.1889   -75.9000     1994   10   12   19   23   20
   36.1889   -75.9000     1994   10   12   19   23   30
   36.1889   -75.9000     1994   10   12   19   23   40
   36.1889   -75.9000     1994   10   12   19   23   50
   36.1889   -75.9000     1994   10   12   19   24    0
   36.1889   -75.9000     1994   10   12   19   24   10
   36.1889   -75.9000     1994   10   12   19   24   20
   36.1889   -75.9000     1994   10   12   19   24   30
   36.1889   -75.9000     1994   10   12   19   24   40
   36.1889   -75.9000     1994   10   12   19   24   50
   36.1889   -75.9000     1994   10   12   19   25    0
   36.1889   -75.9000     1994   10   12   19   25   10
   36.1889   -75.9000     1994   10   12   19   25   20
   36.1889   -75.9000     1994   10   12   19   25   30
   36.1889   -75.9000     1994   10   12   19   25   40
   36.1889   -75.9000     1994   10   12   19   25   50
   36.1889   -75.9000     1994   10   12   19   26    0
   36.1889   -75.9000     1994   10   12   19   26   10
   36.1889   -75.9000     1994   10   12   19   26   20
   36.1889   -75.9000     1994   10   12   19   26   30
   36.1889   -75.9000     1994   10   12   19   26   40
   36.1889   -75.9000     1994   10   12   19   26   50
   36.1889   -75.9000     1994   10   12   19   27    0
   36.1889   -75.9000     1994   10   12   19   27   10
   36.1889   -75.9000     1994   10   12   19   27   20
   36.1889   -75.9000     1994   10   12   19   27   30
   36.1889   -75.9000     1994   10   12   19   27   40
   36.1889   -75.9000     1994   10   12   19   27   50
   36.1889   -75.9000     1994   10   12   19   28    0
   36.1889   -75.9000     1994   10   12   19   28   10
   36.1889   -75.9000     1994   10   12   19   28   20
   36.1889   -75.9000     1994   10   12   19   28   30
   36.1889   -75.9000     1994   10   12   19   28   40
   36.1889   -75.9000     1994   10   12   19   28   50
   36.1889   -75.9000     1994   10   12   19   29    0
   36.1889   -75.9000     1994   10   12   19   29   10
   36.1889   -75.9000     1994   10   12   19   29   20
   36.1889   -75.9000     1994   10   12   19   29   30
   36.1889   -75.9000     1994   10   12   19   29   40
   36.1889   -75.9000     1994   10   12   19   29   50
   36.1889   -75.9000     1994   10   12   19   30    0
   36.1889   -75.9000     1994   10   12   19   30   10
   36.1889   -75.9000     1994   10   12   19   30   20
   36.1889   -75.9000     1994   10   12   19   30   30
   36.1889   -75.9000     1994   10   12   19   30   40
   36.1889   -75.9000     1994   10   12   19   30   50
   36.1889   -75.9000     1994   10   12   19   31    0
   36.1889   -75.9000     1994   10   12   19   31   10
   36.1889   -75.9000     1994   10   12   19   31   20
   36.1889   -75.9000     1994   10   12   19   31   30
   36.1889   -75.9000     1994   10   12   19   31   40
   36.1889   -75.9000     1994   10   12   19   31   50
   36.1889   -75.9000     1994   10   12   19   32    0
   36.1889   -75.9000     1994   10   12   19   32   10
   36.1889   -75.9000     1994   10   12   19   32   20
   36.1889   -75.9000     1994   10   12   19   32   30
   36.1889   -75.9000     1994   10   12   19   32   40
   36.1889   -75.9000     1994   10   12   19   32   50
   36.1889   -75.9000     1994   10   12   19   33    0
   36.1889   -75.9000     1994   10   12   19   33   10
   36.1889   -75.9000     1994   10   12   19   33   20
   36.1889   -75.9000     1994   10   12   19   33   30
   36.1889   -75.9000     1994   10   12   19   33   40
   36.1889   -75.9000     1994   10   12   19   33   50
   36.1889   -75.9000     1994   10   12   19   34    0
   36.1889   -75.9000     1994   10   12   19   34   10
   36.1889   -75.9000     1994   10   12   19   34   20
   36.1889   -75.9000     1994   10   12   19   34   30
   36.1889   -75.9000     1994   10   12   19   34   40
   36.1889   -75.9000     1994   10   12   19   34   50
   36.1889   -75.9000     1994   10   12   19   35    0
   36.1889   -75.9000     1994   10   12   19   35   10
   36.1889   -75.9000     1994   10   12   19   35   20
   36.1889   -75.9000     1994   10   12   19   35   30
   36.1889   -75.9000     1994   10   12   19   35   40
   36.1889   -75.9000     1994   10   12   19   35   50
   36.1889   -75.9000     1994   10   12   19   36    0
   36.1889   -75.9000     1994   10   12   19   36   10
   36.1889   -75.9000     1994   10   12   19   36   20
   36.1889   -75.9000     1994   10   12   19   36   30
   36.1889   -75.9000     1994   10   12   19   36   40
   36.1889   -75.9000     1994   10   12   19   36   50
   36.1889   -75.9000     1994   10   12   19   37    0
   36.1889   -75.9000     1994   10   12   19   37   10
   36.1889   -75.9000     1994   10   12   19   37   20
   36.1889   -75.9000     1994   10   12   19   37   30
   36.1889   -75.9000     1994   10   12   19   37   40
   36.1889   -75.9000     1994   10   12   19   37   50
   36.1889   -75.9000     1994   10   12   19   38    0
   36.1889   -75.9000     1994   10   12   19   38   10
   36.1889   -75.9000     1994   10   12   19   38   20
   36.1889   -75.9000     1994   10   12   19   38   30
   36.1889   -75.9000     1994   10   12   19   38   40
   36.1889   -75.9000     1994   10   12   19   38   50
   36.1889   -75.9000     1994   10   12   19   39    0
   36.1889   -75.9000     1994   10   12   19   39   10
   36.1889   -75.9000     1994   10   12   19   39   20
   36.1889   -75.9000     1994   10   12   19   39   30
   36.1889   -75.9000     1994   10   12   19   39   40
   36.1889   -75.9000     1994   10   12   19   39   50
   36.1889   -75.9000     1994   10   12   19   40    0
   36.1889   -75.9000     1994   10   12   19   40   10
   36.1889   -75.9000     1994   10   12   19   40   20
   36.1889   -75.9000     1994   10   12   19   40   30
   36.1889   -75.9000     1994   10   12   19   40   40
   36.1889   -75.9000     1994   10   12   19   40   50
   36.1889   -75.9000     1994   10   12   19   41    0
   36.1889   -75.9000     1994   10   12   19   41   10
   36.1889   -75.9000     1994   10   12   19   41   20
   36.1889   -75.9000     1994   10   12   19   41   30
   36.1889   -75.9000     1994   10   12   19   41   40
   36.1889   -75.9000     1994   10   12   19   41   50
   36.1889   -75.9000     1994   10   12   19   42    0
   36.1889   -75.9000     1994   10   12   19   42   10
   36.1889   -75.9000     1994   10   12   19   42   20
   36.1889   -75.9000     1994   10   12   19   42   30
   36.1889   -75.9000     1994   10   12   19   42   40
   36.1889   -75.9000     1994   10   12   19   42   50
   36.1889   -75.9000     1994   10   12   19   43    0
   36.1889   -75.9000     1994   10   12   19   43   10
   36.1889   -75.9000     1994   10   12   19   43   20
   36.1889   -75.9000     1994   10   12   19   43   30
   36.1889   -75.9000     1994   10   12   19   43   40
   36.1889   -75.9000     1994   10   12   19   43   50
   36.1889   -75.9000     1994   10   12   19   44    0
   36.1889   -75.9000     1994   10   12   19   44   10
   36.1889   -75.9000     1994   10   12   19   44   20
   36.1889   -75.9000     1994   10   12   19   44   30
   36.1889   -75.9000     1994   10   12   19   44   40
   36.1889   -75.9000     1994   10   12   19   44   50
   36.1889   -75.9000     1994   10   12   19   45    0
   36.1889   -75.9000     1994   10   12   19   45   10
   36.1889   -75.9000     1994   10   12   19   45   20
   36.1889   -75.9000     1994   10   12   19   45   30
   36.1889   -75.9000     1994   10   12   19   45   40
   36.1889   -75.9000     1994   10   12   19   45   50
   36.1889   -75.9000     1994   10   12   19   46    0
   36.1889   -75.9000     1994   10   12   19   46   10
   36.1889   -75.9000     1994   10   12   19   46   20
   36.1889   -75.9000     1994   10   12   19   46   30
   36.1889   -75.9000     1994   10   12   19   46   40
   36.1889   -75.9000     1994   10   12   19   46   50
   36.1889   -75.9000     1994   10   12   19   47    0
   36.1889   -75.9000     1994   10   12   19   47   10
   36.1889   -75.9000     1994   10   12   19   47   20
   36.1889   -75.9000     1994   10   12   19   47   30
   36.1889   -75.9000     1994   10   12   19   47   40
   36.1889   -75.9000     1994   10   12   19   47   50
   36.1889   -75.9000     1994   10   12   19   48    0
   36.1889   -75.9000     1994   10   12   19   48   10
   36.1889   -75.9000     1994   10   12   19   48   20
   36.1889   -75.9000     1994   10   12   19   48   30
   36.1889   -75.9000     1994   10   12   19   48   40
   36.1889   -75.9000     1994   10   12   19   48   50
   36.1889   -75.9000     1994   10   12   19   49    0
   36.1889   -75.9000     1994   10   12   19   49   10
   36.1889   -75.9000     1994   10   12   19   49   20
   36.1889   -75.9000     1994   10   12   19   49   30
   36.1889   -75.9000     1994   10   12   19   49   40
   36.1889   -75.9000     1994   10   12   19   49   50
   36.1889   -75.9000     1994   10   12   19   50    0
   36.1889   -75.9000     1994   10   12   19   50   10
   36.1889   -75.9000     1994   10   12   19   50   20
   36.1889   -75.9000     1994   10   12   19   50   30
   36.1889   -75.9000     1994   10   12   19   50   40
   36.1889   -75.9000     1994   10   12   19   50   50
   36.1889   -75.9000     1994   10   12   19   51    0
   36.1889   -75.9000     1994   10   12   19   51   10
   36.1889   -75.9000     1994   10   12   19   51   20
   36.1889   -75.9000     1994   10   12   19   51   30
   36.1889   -75.9000     1994   10   12   19   51   40
   36.1889   -75.9000     1994   10   12   19   51   50
   36.1889   -75.9000     1994   10   12   19   52    0
   36.1889   -75.9000     1994   10   12   19   52   10
   36.1889   -75.9000     1994   10   12   19   52   20
   36.1889   -75.9000     1994   10   12   19   52   30
   36.1889   -75.9000     1994   10   12   19   52   40
   36.1889   -75.9000     1994   10   12   19   52   50
   36.1889   -75.9000     1994   10   12   19   53    0
   36.1889   -75.9000     1994   10   12   19   53   10
   36.1889   -75.9000     1994   10   12   19   53   20
   36.1889   -75.9000     1994   10   12   19   53   30
   36.1889   -75.9000     1994   10   12   19   53   40
   36.1889   -75.9000     1994   10   12   19   53   50
   36.1889   -75.9000     1994   10   12   19   54    0
   36.1889   -75.9000     1994   10   12   19   54   10
   36.1889   -75.9000     1994   10   12   19   54   20
   36.1889   -75.9000     1994   10   12   19   54   30
   36.1889   -75.9000     1994   10   12   19   54   40
   36.1889   -75.9000     1994   10   12   19   54   50
   36.1889   -75.9000     1994   10   12   19   55    0
   36.1889   -75.9000     1994   10   12   19   55   10
   36.1889   -75.9000     1994   10   12   19   55   20
   36.1889   -75.9000     1994   10   12   19   55   30
   36.1889   -75.9000     1994   10   12   19   55   40
   36.1889   -75.9000     1994   10   12   19   55   50
   36.1889   -75.9000     1994   10   12   19   56    0
   36.1889   -75.9000     1994   10   12   19   56   10
   36.1889   -75.9000     1994   10   12   19   56   20
   36.1889   -75.9000     1994   10   12   19   56   30
   36.1889   -75.9000     1994   10   12   19   56   40
   36.1889   -75.9000     1994   10   12   19   56   50
   36.1889   -75.9000     1994   10   12   19   57    0
   36.1889   -75.9000     1994   10   12   19   57   10
   36.1889   -75.9000     1994   10   12   19   57   20
   36.1889   -75.9000     1994   10   12   19   57   30
   36.1889   -75.9000     1994   10   12   19   57   40
   36.1889   -75.9000     1994   10   12   19   57   50
   36.1889   -75.9000     1994   10   12   19   58    0
   36.1889   -75.9000     1994   10   12   19   58   10
   36.1889   -75.9000     1994   10   12   19   58   20
   36.1889   -75.9000     1994   10   12   19   58   30
   36.1889   -75.9000     1994   10   12   19   58   40
   36.1889   -75.9000     1994   10   12   19   58   50
   36.1889   -75.9000     1994   10   12   19   59    0
   36.1889   -75.9000     1994   10   12   19   59   10
   36.1889   -75.9000     1994   10   12   19   59   20
   36.1889   -75.9000     1994   10   12   19   59   30
   36.1889   -75.9000     1994   10   12   19   59   40
   36.1889   -75.9000     1994   10   12   19   59   50
   36.1889   -75.9000     1994   10   12   20    0    0
   36.1889   -75.9000     1994   10   12   20    0   10
   36.1889   -75.9000     1994   10   12   20    0   20
   36.1889   -75.9000     1994   10   12   20    0   30
   36.1889   -75.9000     1994   10   12   20    0   40
   36.1889   -75.9000     1994   10   12   20    0   50
   36.1889   -75.9000     1994   10   12   20    1    0
   36.1889   -75.9000     1994   10   12   20    1   10
   36.1889   -75.9000     1994   10   12   20    1   20
   36.1889   -75.9000     1994   10   12   20    1   30
   36.1889   -75.9000     1994   10   12   20    1   40
   36.1889   -75.9000     1994   10   12   20    1   50
   36.1889   -75.9000     1994   10   12   20    2    0
   36.1889   -75.9000     1994   10   12   20    2   10
   36.1889   -75.9000     1994   10   12   20    2   20
   36.1889   -75.9000     1994   10   12   20    2   30
   36.1889   -75.9000     1994   10   12   20    2   40
   36.1889   -75.9000     1994   10   12   20    2   50
   36.1889   -75.9000     1994   10   12   20    3    0
   36.1889   -75.9000     1994   10   12   20    3   10
   36.1889   -75.9000     1994   10   12   20    3   20
   36.1889   -75.9000     1994   10   12   20    3   30
   36.1889   -75.9000     1994   10   12   20    3   40
   36.1889   -75.9000     1994   10   12   20    3   50
   36.1889   -75.9000     1994   10   12   20    4    0
   36.1889   -75.9000     1994   10   12   20    4   10
   36.1889   -75.9000     1994   10   12   20    4   20
   36.1889   -75.9000     1994   10   12   20    4   30
   36.1889   -75.9000     1994   10   12   20    4   40
   36.1889   -75.9000     1994   10   12   20    4   50
   36.1889   -75.9000     1994   10   12   20    5    0
   36.1889   -75.9000     1994   10   12   20    5   10
   36.1889   -75.9000     1994   10   12   20    5   20
   36.1889   -75.9000     1994   10   12   20    5   30
   36.1889   -75.9000     1994   10   12   20    5   40
   36.1889   -75.9000     1994   10   12   20    5   50
   36.1889   -75.9000     1994   10   12   20    6    0
   36.1889   -75.9000     1994   10   12   20    6   10
   36.1889   -75.9000     1994   10   12   20    6   20
   36.1889   -75.9000     1994   10   12   20    6   30
   36.1889   -75.9000     1994   10   12   20    6   40
   36.1889   -75.9000     1994   10   12   20    6   50
   36.1889   -75.9000     1994   10   12   20    7    0
   36.1889   -75.9000     1994   10   12   20    7   10
   36.1889   -75.9000     1994   10   12   20    7   20
   36.1889   -75.9000     1994   10   12   20    7   30
   36.1889   -75.9000     1994   10   12   20    7   40
   36.1889   -75.9000     1994   10   12   20    7   50
   36.1889   -75.9000     1994   10   12   20    8    0
   36.1889   -75.9000     1994   10   12   20    8   10
   36.1889   -75.9000     1994   10   12   20    8   20
   36.1889   -75.9000     1994   10   12   20    8   30
   36.1889   -75.9000     1994   10   12   20    8   40
   36.1889   -75.9000     1994   10   12   20    8   50
   36.1889   -75.9000     1994   10   12   20    9    0
   36.1889   -75.9000     1994   10   12   20    9   10
   36.1889   -75.9000     1994   10   12   20    9   20
   36.1889   -75.9000     1994   10   12   20    9   30
   36.1889   -75.9000     1994   10   12   20    9   40
   36.1889   -75.9000     1994   10   12   20    9   50
   36.1889   -75.9000     1994   10   12   20   10    0
   36.1889   -75.9000     1994   10   12   20   10   10
   36.1889   -75.9000     1994   10   12   20   10   20
   36.1889   -75.9000     1994   10   12   20   10   30
   36.1889   -75.9000     1994   10   12   20   10   40
   36.1889   -75.9000     1994   10   12   20   10   50
   36.1889   -75.9000     1994   10   12   20   11    0
   36.1889   -75.9000     1994   10   12   20   11   10
   36.1889   -75.9000     1994   10   12   20   11   20
   36.1889   -75.9000     1994   10   12   20   11   30
   36.1889   -75.9000     1994   10   12   20   11   40
   36.1889   -75.9000     1994   10   12   20   11   50
   36.1889   -75.9000     1994   10   12   20   12    0
   36.1889   -75.9000     1994   10   12   20   12   10
   36.1889   -75.9000     1994   10   12   20   12   20
   36.1889   -75.9000     1994   10   12   20   12   30
   36.1889   -75.9000     1994   10   12   20   12   40
   36.1889   -75.9000     1994   10   12   20   12   50
   36.1889   -75.9000     1994   10   12   20   13    0
   36.1889   -75.9000     1994   10   12   20   13   10
   36.1889   -75.9000     1994   10   12   20   13   20
   36.1889   -75.9000     1994   10   12   20   13   30
   36.1889   -75.9000     1994   10   12   20   13   40
   36.1889   -75.9000     1994   10   12   20   13   50
   36.1889   -75.9000     1994   10   12   20   14    0
   36.1889   -75.9000     1994   10   12   20   14   10
   36.1889   -75.9000     1994   10   12   20   14   20
   36.1889   -75.9000     1994   10   12   20   14   30
   36.1889   -75.9000     1994   10   12   20   14   40
   36.1889   -75.9000     1994   10   12   20   14   50
   36.1889   -75.9000     1994   10   12   20   15    0
   36.1889   -75.9000     1994   10   12   20   15   10
   36.1889   -75.9000     1994   10   12   20   15   20
   36.1889   -75.9000     1994   10   12   20   15   30
   36.1889   -75.9000     1994   10   12   20   15   40
   36.1889   -75.9000     1994   10   12   20   15   50
   36.1889   -75.9000     1994   10   12   20   16    0
   36.1889   -75.9000     1994   10   12   20   16   10
   36.1889   -75.9000     1994   10   12   20   16   20
   36.1889   -75.9000     1994   10   12   20   16   30
   36.1889   -75.9000     1994   10   12   20   16   40
   36.1889   -75.9000     1994   10   12   20   16   50
   36.1889   -75.9000     1994   10   12   20   17    0
   36.1889   -75.9000     1994   10   12   20   17   10
   36.1889   -75.9000     1994   10   12   20   17   20
   36.1889   -75.9000     1994   10   12   20   17   30
   36.1889   -75.9000     1994   10   12   20   17   40
   36.1889   -75.9000     1994   10   12   20   17   50
   36.1889   -75.9000     1994   10   12   20   18    0
   36.1889   -75.9000     1994   10   12   20   18   10
   36.1889   -75.9000     1994   10   12   20   18   20
   36.1889   -75.9000     1994   10   12   20   18   30
   36.1889   -75.9000     1994   10   12   20   18   40
   36.1889   -75.9000     1994   10   12   20   18   50
   36.1889   -75.9000     1994   10   12   20   19    0
   36.1889   -75.9000     1994   10   12   20   19   10
   36.1889   -75.9000     1994   10   12   20   19   20
   36.1889   -75.9000     1994   10   12   20   19   30
   36.1889   -75.9000     1994   10   12   20   19   40
   36.1889   -75.9000     1994   10   12   20   19   50
   36.1889   -75.9000     1994   10   12   20   20    0
   36.1889   -75.9000     1994   10   12   20   20   10
   36.1889   -75.9000     1994   10   12   20   20   20
   36.1889   -75.9000     1994   10   12   20   20   30
   36.1889   -75.9000     1994   10   12   20   20   40
   36.1889   -75.9000     1994   10   12   20   20   50
   36.1889   -75.9000     1994   10   12   20   21    0
   36.1889   -75.9000     1994   10   12   20   21   10
   36.1889   -75.9000     1994   10   12   20   21   20
   36.1889   -75.9000     1994   10   12   20   21   30
   36.1889   -75.9000     1994   10   12   20   21   40
   36.1889   -75.9000     1994   10   12   20   21   50
   36.1889   -75.9000     1994   10   12   20   22    0
   36.1889   -75.9000     1994   10   12   20   22   10
   36.1889   -75.9000     1994   10   12   20   22   20
   36.1889   -75.9000     1994   10   12   20   22   30
   36.1889   -75.9000     1994   10   12   20   22   40
   36.1889   -75.9000     1994   10   12   20   22   50
   36.1889   -75.9000     1994   10   12   20   23    0
   36.1889   -75.9000     1994   10   12   20   23   10
   36.1889   -75.9000     1994   10   12   20   23   20
   36.1889   -75.9000     1994   10   12   20   23   30
   36.1889   -75.9000     1994   10   12   20   23   40
   36.1889   -75.9000     1994   10   12   20   23   50
   36.1889   -75.9000     1994   10   12   20   24    0
   36.1889   -75.9000     1994   10   12   20   24   10
   36.1889   -75.9000     1994   10   12   20   24   20
   36.1889   -75.9000     1994   10   12   20   24   30
   36.1889   -75.9000     1994   10   12   20   24   40
   36.1889   -75.9000     1994   10   12   20   24   50
   36.1889   -75.9000     1994   10   12   20   25    0
   36.1889   -75.9000     1994   10   12   20   25   10
   36.1889   -75.9000     1994   10   12   20   25   20
   36.1889   -75.9000     1994   10   12   20   25   30
   36.1889   -75.9000     1994   10   12   20   25   40
   36.1889   -75.9000     1994   10   12   20   25   50
   36.1889   -75.9000     1994   10   12   20   26    0
   36.1889   -75.9000     1994   10   12   20   26   10
   36.1889   -75.9000     1994   10   12   20   26   20
   36.1889   -75.9000     1994   10   12   20   26   30
   36.1889   -75.9000     1994   10   12   20   26   40
   36.1889   -75.9000     1994   10   12   20   26   50
   36.1889   -75.9000     1994   10   12   20   27    0
   36.1889   -75.9000     1994   10   12   20   27   10
   36.1889   -75.9000     1994   10   12   20   27   20
   36.1889   -75.9000     1994   10   12   20   27   30
   36.1889   -75.9000     1994   10   12   20   27   40
   36.1889   -75.9000     1994   10   12   20   27   50
   36.1889   -75.9000     1994   10   12   20   28    0
   36.1889   -75.9000     1994   10   12   20   28   10
   36.1889   -75.9000     1994   10   12   20   28   20
   36.1889   -75.9000     1994   10   12   20   28   30
   36.1889   -75.9000     1994   10   12   20   28   40
   36.1889   -75.9000     1994   10   12   20   28   50
   36.1889   -75.9000     1994   10   12   20   29    0
   36.1889   -75.9000     1994   10   12   20   29   10
   36.1889   -75.9000     1994   10   12   20   29   20
   36.1889   -75.9000     1994   10   12   20   29   30
   36.1889   -75.9000     1994   10   12   20   29   40
   36.1889   -75.9000     1994   10   12   20   29   50
   36.1889   -75.9000     1994   10   12   20   30    0
   36.1889   -75.9000     1994   10   12   20   30   10
   36.1889   -75.9000     1994   10   12   20   30   20
   36.1889   -75.9000     1994   10   12   20   30   30
   36.1889   -75.9000     1994   10   12   20   30   40
   36.1889   -75.9000     1994   10   12   20   30   50
   36.1889   -75.9000     1994   10   12   20   31    0
   36.1889   -75.9000     1994   10   12   20   31   10
   36.1889   -75.9000     1994   10   12   20   31   20
   36.1889   -75.9000     1994   10   12   20   31   30
   36.1889   -75.9000     1994   10   12   20   31   40
   36.1889   -75.9000     1994   10   12   20   31   50
   36.1889   -75.9000     1994   10   12   20   32    0
   36.1889   -75.9000     1994   10   12   20   32   10
   36.1889   -75.9000     1994   10   12   20   32   20
   36.1889   -75.9000     1994   10   12   20   32   30
   36.1889   -75.9000     1994   10   12   20   32   40
   36.1889   -75.9000     1994   10   12   20   32   50
   36.1889   -75.9000     1994   10   12   20   33    0
   36.1889   -75.9000     1994   10   12   20   33   10
   36.1889   -75.9000     1994   10   12   20   33   20
   36.1889   -75.9000     1994   10   12   20   33   30
   36.1889   -75.9000     1994   10   12   20   33   40
   36.1889   -75.9000     1994   10   12   20   33   50
   36.1889   -75.9000     1994   10   12   20   34    0
   36.1889   -75.9000     1994   10   12   20   34   10
   36.1889   -75.9000     1994   10   12   20   34   20
   36.1889   -75.9000     1994   10   12   20   34   30
   36.1889   -75.9000     1994   10   12   20   34   40
   36.1889   -75.9000     1994   10   12   20   34   50
   36.1889   -75.9000     1994   10   12   20   35    0
   36.1889   -75.9000     1994   10   12   20   35   10
   36.1889   -75.9000     1994   10   12   20   35   20
   36.1889   -75.9000     1994   10   12   20   35   30
   36.1889   -75.9000     1994   10   12   20   35   40
   36.1889   -75.9000     1994   10   12   20   35   50
   36.1889   -75.9000     1994   10   12   20   36    0
   36.1889   -75.9000     1994   10   12   20   36   10
   36.1889   -75.9000     1994   10   12   20   36   20
   36.1889   -75.9000     1994   10   12   20   36   30
   36.1889   -75.9000     1994   10   12   20   36   40
   36.1889   -75.9000     1994   10   12   20   36   50
   36.1889   -75.9000     1994   10   12   20   37    0
   36.1889   -75.9000     1994   10   12   20   37   10
   36.1889   -75.9000     1994   10   12   20   37   20
   36.1889   -75.9000     1994   10   12   20   37   30
   36.1889   -75.9000     1994   10   12   20   37   40
   36.1889   -75.9000     1994   10   12   20   37   50
   36.1889   -75.9000     1994   10   12   20   38    0
   36.1889   -75.9000     1994   10   12   20   38   10
   36.1889   -75.9000     1994   10   12   20   38   20
   36.1889   -75.9000     1994   10   12   20   38   30
   36.1889   -75.9000     1994   10   12   20   38   40
   36.1889   -75.9000     1994   10   12   20   38   50
   36.1889   -75.9000     1994   10   12   20   39    0
   36.1889   -75.9000     1994   10   12   20   39   10
   36.1889   -75.9000     1994   10   12   20   39   20
   36.1889   -75.9000     1994   10   12   20   39   30
   36.1889   -75.9000     1994   10   12   20   39   40
   36.1889   -75.9000     1994   10   12   20   39   50
   36.1889   -75.9000     1994   10   12   20   40    0
   36.1889   -75.9000     1994   10   12   20   40   10
   36.1889   -75.9000     1994   10   12   20   40   20
   36.1889   -75.9000     1994   10   12   20   40   30
   36.1889   -75.9000     1994   10   12   20   40   40
   36.1889   -75.9000     1994   10   12   20   40   50
   36.1889   -75.9000     1994   10   12   20   41    0
   36.1889   -75.9000     1994   10   12   20   41   10
   36.1889   -75.9000     1994   10   12   20   41   20
   36.1889   -75.9000     1994   10   12   20   41   30
   36.1889   -75.9000     1994   10   12   20   41   40
   36.1889   -75.9000     1994   10   12   20   41   50
   36.1889   -75.9000     1994   10   12   20   42    0
   36.1889   -75.9000     1994   10   12   20   42   10
   36.1889   -75.9000     1994   10   12   20   42   20
   36.1889   -75.9000     1994   10   12   20   42   30
   36.1889   -75.9000     1994   10   12   20   42   40
   36.1889   -75.9000     1994   10   12   20   42   50
   36.1889   -75.9000     1994   10   12   20   43    0
   36.1889   -75.9000     1994   10   12   20   43   10
   36.1889   -75.9000     1994   10   12   20   43   20
   36.1889   -75.9000     1994   10   12   20   43   30
   36.1889   -75.9000     1994   10   12   20   43   40
   36.1889   -75.9000     1994   10   12   20   43   50
   36.1889   -75.9000     1994   10   12   20   44    0
   36.1889   -75.9000     1994   10   12   20   44   10
   36.1889   -75.9000     1994   10   12   20   44   20
   36.1889   -75.9000     1994   10   12   20   44   30
   36.1889   -75.9000     1994   10   12   20   44   40
   36.1889   -75.9000     1994   10   12   20   44   50
   36.1889   -75.9000     1994   10   12   20   45    0
   36.1889   -75.9000     1994   10   12   20   45   10
   36.1889   -75.9000     1994   10   12   20   45   20
   36.1889   -75.9000     1994   10   12   20   45   30
   36.1889   -75.9000     1994   10   12   20   45   40
   36.1889   -75.9000     1994   10   12   20   45   50
   36.1889   -75.9000     1994   10   12   20   46    0
   36.1889   -75.9000     1994   10   12   20   46   10
   36.1889   -75.9000     1994   10   12   20   46   20
   36.1889   -75.9000     1994   10   12   20   46   30
   36.1889   -75.9000     1994   10   12   20   46   40
   36.1889   -75.9000     1994   10   12   20   46   50
   36.1889   -75.9000     1994   10   12   20   47    0
   36.1889   -75.9000     1994   10   12   20   47   10
   36.1889   -75.9000     1994   10   12   20   47   20
   36.1889   -75.9000     1994   10   12   20   47   30
   36.1889   -75.9000     1994   10   12   20   47   40
   36.1889   -75.9000     1994   10   12   20   47   50
   36.1889   -75.9000     1994   10   12   20   48    0
   36.1889   -75.9000     1994   10   12   20   48   10
   36.1889   -75.9000     1994   10   12   20   48   20
   36.1889   -75.9000     1994   10   12   20   48   30
   36.1889   -75.9000     1994   10   12   20   48   40
   36.1889   -75.9000     1994   10   12   20   48   50
   36.1889   -75.9000     1994   10   12   20   49    0
   36.1889   -75.9000     1994   10   12   20   49   10
   36.1889   -75.9000     1994   10   12   20   49   20
   36.1889   -75.9000     1994   10   12   20   49   30
   36.1889   -75.9000     1994   10   12   20   49   40
   36.1889   -75.9000     1994   10   12   20   49   50
   36.1889   -75.9000     1994   10   12   20   50    0
   36.1889   -75.9000     1994   10   12   20   50   10
   36.1889   -75.9000     1994   10   12   20   50   20
   36.1889   -75.9000     1994   10   12   20   50   30
   36.1889   -75.9000     1994   10   12   20   50   40
   36.1889   -75.9000     1994   10   12   20   50   50
   36.1889   -75.9000     1994   10   12   20   51    0
   36.1889   -75.9000     1994   10   12   20   51   10
   36.1889   -75.9000     1994   10   12   20   51   20
   36.1889   -75.9000     1994   10   12   20   51   30
   36.1889   -75.9000     1994   10   12   20   51   40
   36.1889   -75.9000     1994   10   12   20   51   50
   36.1889   -75.9000     1994   10   12   20   52    0
   36.1889   -75.9000     1994   10   12   20   52   10
   36.1889   -75.9000     1994   10   12   20   52   20
   36.1889   -75.9000     1994   10   12   20   52   30
   36.1889   -75.9000     1994   10   12   20   52   40
   36.1889   -75.9000     1994   10   12   20   52   50
   36.1889   -75.9000     1994   10   12   20   53    0
   36.1889   -75.9000     1994   10   12   20   53   10
   36.1889   -75.9000     1994   10   12   20   53   20
   36.1889   -75.9000     1994   10   12   20   53   30
   36.1889   -75.9000     1994   10   12   20   53   40
   36.1889   -75.9000     1994   10   12   20   53   50
   36.1889   -75.9000     1994   10   12   20   54    0
   36.1889   -75.9000     1994   10   12   20   54   10
   36.1889   -75.9000     1994   10   12   20   54   20
   36.1889   -75.9000     1994   10   12   20   54   30
   36.1889   -75.9000     1994   10   12   20   54   40
   36.1889   -75.9000     1994   10   12   20   54   50
   36.1889   -75.9000     1994   10   12   20   55    0
   36.1889   -75.9000     1994   10   12   20   55   10
   36.1889   -75.9000     1994   10   12   20   55   20
   36.1889   -75.9000     1994   10   12   20   55   30
   36.1889   -75.9000     1994   10   12   20   55   40
   36.1889   -75.9000     1994   10   12   20   55   50
   36.1889   -75.9000     1994   10   12   20   56    0
   36.1889   -75.9000     1994   10   12   20   56   10
   36.1889   -75.9000     1994   10   12   20   56   20
   36.1889   -75.9000     1994   10   12   20   56   30
   36.1889   -75.9000     1994   10   12   20   56   40
   36.1889   -75.9000     1994   10   12   20   56   50
   36.1889   -75.9000     1994   10   12   20   57    0
   36.1889   -75.9000     1994   10   12   20   57   10
   36.1889   -75.9000     1994   10   12   20   57   20
   36.1889   -75.9000     1994   10   12   20   57   30
   36.1889   -75.9000     1994   10   12   20   57   40
   36.1889   -75.9000     1994   10   12   20   57   50
   36.1889   -75.9000     1994   10   12   20   58    0
   36.1889   -75.9000     1994   10   12   20   58   10
   36.1889   -75.9000     1994   10   12   20   58   20
   36.1889   -75.9000     1994   10   12   20   58   30
   36.1889   -75.9000     1994   10   12   20   58   40
   36.1889   -75.9000     1994   10   12   20   58   50
   36.1889   -75.9000     1994   10   12   20   59    0
   36.1889   -75.9000     1994   10   12   20   59   10
   36.1889   -75.9000     1994   10   12   20   59   20
   36.1889   -75.9000     1994   10   12   20   59   30
   36.1889   -75.9000     1994   10   12   20   59   40
   36.1889   -75.9000     1994   10   12   20   59   50
   36.1889   -75.9000     1994   10   12   21    0    0
